4.458333333333333
3.6666666666666665
3.0
1.7083333333333333
4.541666666666667
3.6666666666666665
2.9565217391304346
1.6666666666666667
3.9565217391304346
4.391304347826087
4.166666666666667
2.2916666666666665
4.291666666666667
4.583333333333333
4.318181818181818
2.3181818181818183
4.541666666666667
3.9583333333333335
4.043478260869565
2.375
4.2727272727272725
3.75
3.869565217391304
2.347826086956522
3.875
3.4583333333333335
3.1739130434782608
1.8695652173913044
4.125
3.75
3.4166666666666665
2.2083333333333335
3.9583333333333335
3.4583333333333335
3.4583333333333335
2.1666666666666665
4.458333333333333
4.125
3.75
2.375
4.166666666666667
3.125
2.9166666666666665
1.5416666666666667
3.7083333333333335
2.5217391304347827
2.625
1.4583333333333333
4.625
4.0
3.0
1.5833333333333333
4.666666666666667
4.0
3.25
1.4583333333333333
3.7916666666666665
4.083333333333333
3.625
2.375
3.375
2.875
2.8333333333333335
1.7916666666666667
4.375
4.25
3.6956521739130435
2.217391304347826
4.166666666666667
3.9583333333333335
3.875
2.2916666666666665
4.0
3.391304347826087
3.2083333333333335
1.9583333333333333
4.125
3.4583333333333335
3.2916666666666665
1.75
4.333333333333333
3.25
2.8333333333333335
1.5833333333333333
4.666666666666667
3.4166666666666665
2.9166666666666665
1.608695652173913
4.583333333333333
3.5833333333333335
2.6666666666666665
1.4166666666666667
4.833333333333333
4.166666666666667
2.9166666666666665
1.5
4.375
3.4166666666666665
2.7916666666666665
1.5
3.7083333333333335
2.8333333333333335
2.5416666666666665
1.2916666666666667
4.875
4.333333333333333
3.0833333333333335
1.4166666666666667
4.833333333333333
4.25
2.9583333333333335
1.4583333333333333
3.9166666666666665
2.9166666666666665
2.125
1.0416666666666667
4.75
3.5
2.2916666666666665
1.2083333333333333
4.75
4.083333333333333
3.9583333333333335
2.6666666666666665
4.583333333333333
4.125
2.9583333333333335
2.75
4.625
4.041666666666667
3.5833333333333335
2.5416666666666665
4.666666666666667
4.125
3.625
2.4583333333333335
4.75
3.875
3.7083333333333335
2.2083333333333335
4.791666666666667
4.0
3.625
2.1666666666666665
4.291666666666667
3.4583333333333335
3.25
2.0416666666666665
4.5
3.9583333333333335
3.75
2.5833333333333335
4.0
3.5652173913043477
3.2916666666666665
2.25
4.125
3.7083333333333335
3.25
2.5
4.090909090909091
3.8636363636363638
3.0
2.1363636363636362
4.136363636363637
4.090909090909091
3.0454545454545454
2.727272727272727
4.136363636363637
3.409090909090909
3.0454545454545454
2.1818181818181817
4.636363636363637
4.136363636363637
3.8095238095238093
2.4761904761904763
4.545454545454546
3.727272727272727
3.6818181818181817
2.5
4.2272727272727275
3.4545454545454546
3.227272727272727
2.272727272727273
4.363636363636363
3.409090909090909
3.6818181818181817
2.090909090909091
3.772727272727273
2.772727272727273
2.909090909090909
1.5454545454545454
4.818181818181818
4.318181818181818
4.0
2.409090909090909
4.954545454545454
4.363636363636363
3.8636363636363638
2.4545454545454546
3.619047619047619
4.545454545454546
4.136363636363637
2.4545454545454546
3.6818181818181817
4.0
3.727272727272727
2.0
4.909090909090909
4.363636363636363
3.8636363636363638
2.272727272727273
4.818181818181818
4.136363636363637
3.590909090909091
2.0
4.9523809523809526
4.523809523809524
3.909090909090909
2.4545454545454546
4.681818181818182
3.9545454545454546
3.727272727272727
2.227272727272727
4.954545454545454
4.318181818181818
3.772727272727273
2.409090909090909
4.681818181818182
4.090909090909091
3.590909090909091
2.3636363636363638
4.7272727272727275
4.181818181818182
3.909090909090909
2.3181818181818183
4.909090909090909
4.2727272727272725
4.090909090909091
2.272727272727273
